{"accessors":[{"bufferView":0,"componentType":5125,"count":2112,"max":[819.0],"min":[0.0],"type":"SCALAR"},{"bufferView":1,"componentType":5126,"count":820,"max":[1.0,0.14300000667572022,1.1012141704559327],"min":[-0.7250000238418579,-0.3050000071525574,0.5172141194343567],"type":"VEC3"},{"bufferView":2,"componentType":5126,"count":820,"max":[1.0,1.0,1.0],"min":[-1.0,-1.0,-1.0],"type":"VEC3"},{"bufferView":3,"componentType":5125,"count":26766,"max":[9957.0],"min":[0.0],"type":"SCALAR"},{"bufferView":4,"componentType":5126,"count":9958,"max":[1.0,0.2385956346988678,1.1762140989303589],"min":[-1.0149999856948853,-0.3050000071525574,-0.02878587320446968],"type":"VEC3"},{"bufferView":5,"componentType":5126,"count":9958,"max":[1.0,1.0,1.0],"min":[-1.0,-1.0,-1.0],"type":"VEC3"},{"bufferView":6,"componentType":5125,"count":24156,"max":[7865.0],"min":[0.0],"type":"SCALAR"},{"bufferView":7,"componentType":5126,"count":7866,"max":[-0.6899999976158142,0.09491086006164551,1.1771690845489503],"min":[-1.090000033378601,-0.0949879139661789,0.9872767329216003],"type":"VEC3"},{"bufferView":8,"componentType":5126,"count":7866,"max":[1.0,1.0,1.0],"min":[-1.0,-1.0,-1.0],"type":"VEC3"},{"bufferView":9,"componentType":5125,"count":1359,"max":[598.0],"min":[0.0],"type":"SCALAR"},{"bufferView":10,"componentType":5126,"count":599,"max":[0.9398147463798523,0.02928776852786541,1.2942067384719849],"min":[-0.7333999872207642,-0.28700000047683718,0.2268141210079193],"type":"VEC3"},{"bufferView":11,"componentType":5126,"count":599,"max":[1.0,0.9999936819076538,1.0],"min":[-1.0,-0.9999936819076538,-1.0],"type":"VEC3"},{"bufferView":12,"componentType":5125,"count":39222,"max":[12230.0],"min":[0.0],"type":"SCALAR"},{"bufferView":13,"componentType":5126,"count":12231,"max":[0.5988308191299439,0.048999689519405368,1.1432273387908936],"min":[-0.12145555019378662,-0.28299999237060549,1.0331978797912598],"type":"VEC3"},{"bufferView":14,"componentType":5126,"count":12231,"max":[1.0,1.0,1.0],"min":[-1.0,-1.0,-1.0],"type":"VEC3"},{"bufferView":15,"componentType":5125,"count":3453,"max":[1235.0],"min":[0.0],"type":"SCALAR"},{"bufferView":16,"componentType":5126,"count":1236,"max":[1.0,0.1899999976158142,1.0445045232772828],"min":[-0.9900000095367432,-0.1899999976158142,-0.018785882741212846],"type":"VEC3"},{"bufferView":17,"componentType":5126,"count":1236,"max":[1.0,1.0,1.0],"min":[-1.0,-1.0,-1.0],"type":"VEC3"},{"bufferView":18,"componentType":5125,"count":3843,"max":[1319.0],"min":[0.0],"type":"SCALAR"},{"bufferView":19,"componentType":5126,"count":1320,"max":[1.0,0.125,1.2872085571289063],"min":[-1.0,-0.125,0.8662140965461731],"type":"VEC3"},{"bufferView":20,"componentType":5126,"count":1320,"max":[1.0,1.0,1.0],"min":[-0.9984606504440308,-1.0,-1.0],"type":"VEC3"},{"bufferView":21,"componentType":5125,"count":6291,"max":[2224.0],"min":[0.0],"type":"SCALAR"},{"bufferView":22,"componentType":5126,"count":2225,"max":[0.13260865211486817,0.1093364730477333,0.10048653185367584],"min":[-0.19033335149288178,-0.09266352653503418,-0.1554773449897766],"type":"VEC3"},{"bufferView":23,"componentType":5126,"count":2225,"max":[1.0,1.0,1.0],"min":[-1.0,-1.0,-1.0],"type":"VEC3"},{"bufferView":24,"componentType":5125,"count":84,"max":[47.0],"min":[0.0],"type":"SCALAR"},{"bufferView":25,"componentType":5126,"count":48,"max":[0.014499999582767487,0.014750000089406968,0.007499999832361937],"min":[-0.009499999694526196,-0.0062500000931322578,-0.0024999999441206457],"type":"VEC3"},{"bufferView":26,"componentType":5126,"count":48,"max":[1.0,1.0,1.0],"min":[-1.0,-1.0,-1.0],"type":"VEC3"},{"bufferView":27,"componentType":5125,"count":288,"max":[109.0],"min":[0.0],"type":"SCALAR"},{"bufferView":28,"componentType":5126,"count":110,"max":[0.004000000189989805,0.004000000189989805,0.02800000086426735],"min":[-0.004000000189989805,-0.004000000189989805,-0.02800000086426735],"type":"VEC3"},{"bufferView":29,"componentType":5126,"count":110,"max":[1.0,1.0,1.0],"min":[-1.0,-1.0,-1.0],"type":"VEC3"},{"bufferView":30,"componentType":5125,"count":13419,"max":[3018.0],"min":[0.0],"type":"SCALAR"},{"bufferView":31,"componentType":5126,"count":3019,"max":[0.029811179265379907,0.030172167345881463,0.03037950024008751],"min":[-0.030188821256160737,-0.02982783317565918,-0.029620498418807985],"type":"VEC3"},{"bufferView":32,"componentType":5126,"count":3019,"max":[1.0,1.0,1.0],"min":[-1.0,-1.0,-1.0],"type":"VEC3"},{"bufferView":33,"componentType":5125,"count":56199,"max":[16269.0],"min":[0.0],"type":"SCALAR"},{"bufferView":34,"componentType":5126,"count":16270,"max":[0.9824532270431519,0.08992179483175278,1.2992839813232422],"min":[0.44855859875679018,-0.09622667729854584,0.9923171401023865],"type":"VEC3"},{"bufferView":35,"componentType":5126,"count":16270,"max":[1.0,1.0,1.0],"min":[-1.0,-1.0,-1.0],"type":"VEC3"},{"bufferView":36,"componentType":5125,"count":72834,"max":[23147.0],"min":[0.0],"type":"SCALAR"},{"bufferView":37,"componentType":5126,"count":23148,"max":[0.9326572418212891,0.10099999606609345,1.1289995908737183],"min":[0.5338308215141296,-0.10100000351667404,0.8782141208648682],"type":"VEC3"},{"bufferView":38,"componentType":5126,"count":23148,"max":[1.0,1.0,1.0],"min":[-1.0,-1.0,-1.0],"type":"VEC3"},{"bufferView":39,"componentType":5125,"count":864,"max":[325.0],"min":[0.0],"type":"SCALAR"},{"bufferView":40,"componentType":5126,"count":326,"max":[0.25999999046325686,0.012000000104308129,0.012000000104308129],"min":[-0.25999999046325686,-0.012000000104308129,-0.012000000104308129],"type":"VEC3"},{"bufferView":41,"componentType":5126,"count":326,"max":[1.0,1.0,1.0],"min":[-1.0,-1.0,-1.0],"type":"VEC3"},{"bufferView":42,"componentType":5125,"count":19554,"max":[6557.0],"min":[0.0],"type":"SCALAR"},{"bufferView":43,"componentType":5126,"count":6558,"max":[0.017474601045250894,0.009999999776482582,0.017496252432465555],"min":[-0.017474601045250894,-0.05000000074505806,-0.017071371898055078],"type":"VEC3"},{"bufferView":44,"componentType":5126,"count":6558,"max":[1.0,1.0,1.0],"min":[-1.0,-1.0,-1.0],"type":"VEC3"}],"asset":{"generator":"SimLab GLTF","version":"2.0"},"bufferViews":[{"buffer":0,"byteLength":8448,"target":34963},{"buffer":0,"byteLength":9840,"byteOffset":8448,"byteStride":12,"target":34962},{"buffer":0,"byteLength":9840,"byteOffset":18288,"byteStride":12,"target":34962},{"buffer":0,"byteLength":107064,"byteOffset":28128,"target":34963},{"buffer":0,"byteLength":119496,"byteOffset":135192,"byteStride":12,"target":34962},{"buffer":0,"byteLength":119496,"byteOffset":254688,"byteStride":12,"target":34962},{"buffer":0,"byteLength":96624,"byteOffset":374184,"target":34963},{"buffer":0,"byteLength":94392,"byteOffset":470808,"byteStride":12,"target":34962},{"buffer":0,"byteLength":94392,"byteOffset":565200,"byteStride":12,"target":34962},{"buffer":0,"byteLength":5436,"byteOffset":659592,"target":34963},{"buffer":0,"byteLength":7188,"byteOffset":665028,"byteStride":12,"target":34962},{"buffer":0,"byteLength":7188,"byteOffset":672216,"byteStride":12,"target":34962},{"buffer":0,"byteLength":156888,"byteOffset":679404,"target":34963},{"buffer":0,"byteLength":146772,"byteOffset":836292,"byteStride":12,"target":34962},{"buffer":0,"byteLength":146772,"byteOffset":983064,"byteStride":12,"target":34962},{"buffer":0,"byteLength":13812,"byteOffset":1129836,"target":34963},{"buffer":0,"byteLength":14832,"byteOffset":1143648,"byteStride":12,"target":34962},{"buffer":0,"byteLength":14832,"byteOffset":1158480,"byteStride":12,"target":34962},{"buffer":0,"byteLength":15372,"byteOffset":1173312,"target":34963},{"buffer":0,"byteLength":15840,"byteOffset":1188684,"byteStride":12,"target":34962},{"buffer":0,"byteLength":15840,"byteOffset":1204524,"byteStride":12,"target":34962},{"buffer":0,"byteLength":25164,"byteOffset":1220364,"target":34963},{"buffer":0,"byteLength":26700,"byteOffset":1245528,"byteStride":12,"target":34962},{"buffer":0,"byteLength":26700,"byteOffset":1272228,"byteStride":12,"target":34962},{"buffer":0,"byteLength":336,"byteOffset":1298928,"target":34963},{"buffer":0,"byteLength":576,"byteOffset":1299264,"byteStride":12,"target":34962},{"buffer":0,"byteLength":576,"byteOffset":1299840,"byteStride":12,"target":34962},{"buffer":0,"byteLength":1152,"byteOffset":1300416,"target":34963},{"buffer":0,"byteLength":1320,"byteOffset":1301568,"byteStride":12,"target":34962},{"buffer":0,"byteLength":1320,"byteOffset":1302888,"byteStride":12,"target":34962},{"buffer":0,"byteLength":53676,"byteOffset":1304208,"target":34963},{"buffer":0,"byteLength":36228,"byteOffset":1357884,"byteStride":12,"target":34962},{"buffer":0,"byteLength":36228,"byteOffset":1394112,"byteStride":12,"target":34962},{"buffer":0,"byteLength":224796,"byteOffset":1430340,"target":34963},{"buffer":0,"byteLength":195240,"byteOffset":1655136,"byteStride":12,"target":34962},{"buffer":0,"byteLength":195240,"byteOffset":1850376,"byteStride":12,"target":34962},{"buffer":0,"byteLength":291336,"byteOffset":2045616,"target":34963},{"buffer":0,"byteLength":277776,"byteOffset":2336952,"byteStride":12,"target":34962},{"buffer":0,"byteLength":277776,"byteOffset":2614728,"byteStride":12,"target":34962},{"buffer":0,"byteLength":3456,"byteOffset":2892504,"target":34963},{"buffer":0,"byteLength":3912,"byteOffset":2895960,"byteStride":12,"target":34962},{"buffer":0,"byteLength":3912,"byteOffset":2899872,"byteStride":12,"target":34962},{"buffer":0,"byteLength":78216,"byteOffset":2903784,"target":34963},{"buffer":0,"byteLength":78696,"byteOffset":2982000,"byteStride":12,"target":34962},{"buffer":0,"byteLength":78696,"byteOffset":3060696,"byteStride":12,"target":34962}],"buffers":[{"byteLength":3139392,"uri":"assembly test.bin"}],"extensionsUsed":["KHR_materials_pbrSpecularGlossiness"],"materials":[{"extensions":{"KHR_materials_pbrSpecularGlossiness":{"diffuseFactor":[0.6470588445663452,0.6196078658103943,0.5882353186607361,1.0],"specularFactor":[0.4529411792755127,0.433725506067276,0.4117647111415863],"glossinessFactor":0.5}},"name":"Thread41","alphaMode":"MASK","doubleSided":true,"pbrMetallicRoughness":{"baseColorFactor":[0.6470588445663452,0.6196078658103943,0.5882353186607361,1.0],"metallicFactor":0.5,"roughnessFactor":0.5}},{"extensions":{"KHR_materials_pbrSpecularGlossiness":{"diffuseFactor":[0.0,0.501960813999176,0.0,1.0],"specularFactor":[0.0,0.3513725697994232,0.0],"glossinessFactor":0.5}},"name":"texture51","alphaMode":"MASK","doubleSided":true,"pbrMetallicRoughness":{"baseColorFactor":[0.0,0.501960813999176,0.0,1.0],"metallicFactor":0.5}},{"extensions":{"KHR_materials_pbrSpecularGlossiness":{"diffuseFactor":[1.0,0.09019608050584793,0.41960784792900088,1.0],"specularFactor":[0.5,0.045098040252923968,0.20980392396450044],"glossinessFactor":0.5}},"name":"Mtl4b","alphaMode":"MASK","doubleSided":true,"pbrMetallicRoughness":{"baseColorFactor":[1.0,0.09019608050584793,0.41960784792900088,1.0],"metallicFactor":0.5,"roughnessFactor":0.5}},{"extensions":{"KHR_materials_pbrSpecularGlossiness":{"diffuseFactor":[0.7921568751335144,0.8196078538894653,0.9333333373069763,1.0],"specularFactor":[0.3960784375667572,0.40980392694473269,0.46666666865348818],"glossinessFactor":0.5}},"name":"Mtl42","alphaMode":"MASK","doubleSided":true,"pbrMetallicRoughness":{"baseColorFactor":[0.7921568751335144,0.8196078538894653,0.9333333373069763,1.0],"metallicFactor":0.5,"roughnessFactor":0.5}},{"extensions":{"KHR_materials_pbrSpecularGlossiness":{"diffuseFactor":[0.7764706015586853,0.7568627595901489,0.7372549176216126,1.0],"specularFactor":[0.38823530077934267,0.37843137979507449,0.3686274588108063],"glossinessFactor":0.5}},"name":"Mtl50","alphaMode":"MASK","doubleSided":true,"pbrMetallicRoughness":{"baseColorFactor":[0.7764706015586853,0.7568627595901489,0.7372549176216126,1.0],"metallicFactor":0.5,"roughnessFactor":0.5}},{"extensions":{"KHR_materials_pbrSpecularGlossiness":{"diffuseFactor":[0.699999988079071,0.3513725697994232,0.0,1.0],"specularFactor":[0.05000000074505806,0.0250980406999588,0.0],"glossinessFactor":0.5}},"name":"Mtl1","alphaMode":"MASK","doubleSided":true,"pbrMetallicRoughness":{"baseColorFactor":[0.699999988079071,0.3513725697994232,0.0,1.0],"metallicFactor":0.5}},{"extensions":{"KHR_materials_pbrSpecularGlossiness":{"diffuseFactor":[0.8980392217636108,0.8980392217636108,0.8980392217636108,1.0],"specularFactor":[0.6286274790763855,0.6286274790763855,0.6286274790763855],"glossinessFactor":0.5}},"name":"Mtl2","alphaMode":"MASK","doubleSided":true,"pbrMetallicRoughness":{"baseColorFactor":[0.8980392217636108,0.8980392217636108,0.8980392217636108,1.0],"metallicFactor":0.5,"roughnessFactor":0.5}},{"extensions":{"KHR_materials_pbrSpecularGlossiness":{"diffuseFactor":[0.529411792755127,0.5490196347236633,0.5490196347236633,1.0],"specularFactor":[0.3705882430076599,0.3843137323856354,0.3843137323856354],"glossinessFactor":0.5}},"name":"texture3","alphaMode":"MASK","doubleSided":true,"pbrMetallicRoughness":{"baseColorFactor":[0.529411792755127,0.5490196347236633,0.5490196347236633,1.0],"metallicFactor":0.5,"roughnessFactor":0.5}},{"extensions":{"KHR_materials_pbrSpecularGlossiness":{"diffuseFactor":[0.8274509906768799,0.6666666865348816,0.12941177189350129,1.0],"specularFactor":[0.41372549533843996,0.3333333432674408,0.06470588594675064],"glossinessFactor":0.5}},"name":"Mtl18","alphaMode":"MASK","doubleSided":true,"pbrMetallicRoughness":{"baseColorFactor":[0.8274509906768799,0.6666666865348816,0.12941177189350129,1.0],"metallicFactor":0.5,"roughnessFactor":0.5}},{"extensions":{"KHR_materials_pbrSpecularGlossiness":{"diffuseFactor":[0.3176470696926117,0.24705882370471955,0.2078431397676468,1.0],"specularFactor":[0.15882353484630586,0.12352941185235977,0.1039215698838234],"glossinessFactor":0.5}},"name":"Mtl25","alphaMode":"MASK","doubleSided":true,"pbrMetallicRoughness":{"baseColorFactor":[0.3176470696926117,0.24705882370471955,0.2078431397676468,1.0],"metallicFactor":0.5,"roughnessFactor":0.5}},{"extensions":{"KHR_materials_pbrSpecularGlossiness":{"diffuseFactor":[1.0,0.9372549057006836,0.13725490868091584,1.0],"specularFactor":[0.30000001192092898,0.28117647767066958,0.04117647185921669],"glossinessFactor":0.5}},"name":"Mtl33","alphaMode":"MASK","doubleSided":true,"pbrMetallicRoughness":{"baseColorFactor":[1.0,0.9372549057006836,0.13725490868091584,1.0],"metallicFactor":0.5,"roughnessFactor":0.5}},{"extensions":{"KHR_materials_pbrSpecularGlossiness":{"diffuseFactor":[0.20000000298023225,0.20000000298023225,0.20000000298023225,1.0],"specularFactor":[0.1599999964237213,0.1599999964237213,0.1599999964237213],"glossinessFactor":0.5}},"name":"Mtl53","alphaMode":"MASK","doubleSided":true,"pbrMetallicRoughness":{"baseColorFactor":[0.20000000298023225,0.20000000298023225,0.20000000298023225,1.0],"metallicFactor":0.5,"roughnessFactor":0.5}},{"extensions":{"KHR_materials_pbrSpecularGlossiness":{"diffuseFactor":[0.7803921699523926,0.7607843279838562,0.7411764860153198,1.0],"specularFactor":[0.6243137121200562,0.608627438545227,0.592941164970398],"glossinessFactor":0.5}},"name":"Mtl4","alphaMode":"MASK","doubleSided":true,"pbrMetallicRoughness":{"baseColorFactor":[0.7803921699523926,0.7607843279838562,0.7411764860153198,1.0],"metallicFactor":0.5,"roughnessFactor":0.5}},{"extensions":{"KHR_materials_pbrSpecularGlossiness":{"diffuseFactor":[0.0,0.0,1.0,1.0],"specularFactor":[0.0,0.0,0.5],"glossinessFactor":0.5}},"name":"Mtl47","alphaMode":"MASK","doubleSided":true,"pbrMetallicRoughness":{"baseColorFactor":[0.0,0.0,1.0,1.0],"metallicFactor":0.5,"roughnessFactor":0.5}},{"extensions":{"KHR_materials_pbrSpecularGlossiness":{"diffuseFactor":[0.48588237166404726,0.06862745434045792,0.06862745434045792,1.0],"specularFactor":[0.034705884754657748,0.0049019609577953819,0.0049019609577953819],"glossinessFactor":0.5}},"name":"Mtl54","alphaMode":"MASK","doubleSided":true,"pbrMetallicRoughness":{"baseColorFactor":[0.48588237166404726,0.06862745434045792,0.06862745434045792,1.0],"metallicFactor":0.5}}],"meshes":[{"primitives":[{"attributes":{"NORMAL":2,"POSITION":1},"indices":0,"material":0,"mode":4}]},{"primitives":[{"attributes":{"NORMAL":5,"POSITION":4},"indices":3,"material":1,"mode":4}]},{"primitives":[{"attributes":{"NORMAL":8,"POSITION":7},"indices":6,"material":2,"mode":4}]},{"primitives":[{"attributes":{"NORMAL":11,"POSITION":10},"indices":9,"material":3,"mode":4}]},{"primitives":[{"attributes":{"NORMAL":14,"POSITION":13},"indices":12,"material":4,"mode":4}]},{"primitives":[{"attributes":{"NORMAL":17,"POSITION":16},"indices":15,"material":5,"mode":4}]},{"primitives":[{"attributes":{"NORMAL":20,"POSITION":19},"indices":18,"material":6,"mode":4}]},{"primitives":[{"attributes":{"NORMAL":23,"POSITION":22},"indices":21,"material":7,"mode":4}]},{"primitives":[{"attributes":{"NORMAL":26,"POSITION":25},"indices":24,"material":8,"mode":4}]},{"primitives":[{"attributes":{"NORMAL":29,"POSITION":28},"indices":27,"material":9,"mode":4}]},{"primitives":[{"attributes":{"NORMAL":32,"POSITION":31},"indices":30,"material":10,"mode":4}]},{"primitives":[{"attributes":{"NORMAL":35,"POSITION":34},"indices":33,"material":11,"mode":4}]},{"primitives":[{"attributes":{"NORMAL":38,"POSITION":37},"indices":36,"material":12,"mode":4}]},{"primitives":[{"attributes":{"NORMAL":41,"POSITION":40},"indices":39,"material":13,"mode":4}]},{"primitives":[{"attributes":{"NORMAL":44,"POSITION":43},"indices":42,"material":14,"mode":4}]}],"nodes":[{"children":[1],"matrix":[1.0,0.0,0.0,0.0,0.0,4.4896593387466768e-11,-1.0,0.0,0.0,1.0,4.4896593387466768e-11,0.0,0.0,0.0,0.0,1.0]},{"name":"Assembly Wood Turning Lathe","children":[2,3,4,5,6,7,8,9,11,39,41,43,45,47,49,51,52,53,54,55,57],"rotation":[0.0,0.0,0.0,-1.0]},{"name":"3DGeom-1","mesh":0,"rotation":[0.0,0.0,0.0,-1.0]},{"name":"3DGeom-2","mesh":1,"rotation":[0.0,0.0,0.0,-1.0]},{"name":"3DGeom-3","mesh":2,"rotation":[0.0,0.0,0.0,-1.0]},{"name":"3DGeom-5","mesh":3,"rotation":[0.0,0.0,0.0,-1.0]},{"name":"3DGeom-6","mesh":4,"rotation":[0.0,0.0,0.0,-1.0]},{"name":"3DGeom-7","mesh":5,"rotation":[0.0,0.0,0.0,-1.0]},{"name":"3DGeom-10","mesh":6,"rotation":[0.0,0.0,0.0,-1.0]},{"name":"Main Part-1","children":[10],"rotation":[-0.7071067690849304,0.0,0.0,-0.7071067690849304],"translation":[3.705295583336877e-18,4.079384789359595e-17,0.666214108467102]},{"name":"Body_3","rotation":[0.0,0.0,0.0,-1.0]},{"name":"Assembly-1","children":[12,15,17,19,20,22,24,27,29,31,33,36,37,38],"rotation":[0.0,0.0,0.0,-1.0]},{"name":"1. Body-1","children":[13],"matrix":[-1.0,-6.982962487054028e-15,4.27583154885617e-31,0.0,6.982962487054028e-15,-1.0,1.0535676165854529e-14,0.0,-7.314265446432248e-29,1.0535676165854529e-14,1.0,0.0,0.6884974837303162,0.008336469531059266,1.0336915254592896,1.0]},{"name":"Body_1","children":[14],"rotation":[0.0,0.0,0.0,-1.0]},{"name":"3DGeom-9","mesh":7,"rotation":[0.0,0.0,0.0,-1.0]},{"name":"9. Shaft Key-1","children":[16],"rotation":[-0.7071067690849304,0.0,0.0,-0.7071067690849304],"translation":[0.6093308329582214,0.0024999999441206457,1.045894980430603]},{"name":"Body_1","mesh":8,"rotation":[0.0,0.0,0.0,-1.0]},{"name":"3. Screw-1","children":[18],"matrix":[1.0,6.982962487054028e-15,-3.607470287419307e-30,0.0,-5.2175874298149297e-15,0.7471882700920105,-0.6646124720573425,0.0,-4.640963821740934e-15,0.6646124720573425,0.7471882700920105,0.0,0.7074917554855347,0.0000030189196422725219,1.0821781158447266,1.0]},{"name":"Body_1","rotation":[0.0,0.0,0.0,-1.0]},{"name":"2. Morse Taper Tool-1","matrix":[1.0,6.982962487054028e-15,-4.27583154885617e-31,0.0,7.580762391368186e-29,-1.0917315330569427e-14,-1.0,0.0,-6.982962487054028e-15,1.0,-1.10838487842632e-14,0.0,0.529558002948761,-9.786530199562549e-7,1.0826098918914796,1.0]},{"name":"10. Tailstock Bush-1","children":[21],"matrix":[1.0,6.982962487054028e-15,-3.750978963586903e-31,0.0,-1.9294637620888594e-15,0.27631017565727236,-0.9610685110092163,0.0,-6.711105568566866e-15,0.9610685110092163,0.27631017565727236,0.0,0.8410605788230896,-0.000008539293048670515,1.082205057144165,1.0]},{"name":"Body_1","rotation":[0.0,0.0,0.0,-1.0]},{"name":"5. Wheel-1","children":[23],"matrix":[1.0,6.981911319166485e-15,2.0255332959805438e-18,0.0,5.215455871403164e-15,-0.7471882700920105,0.6646124720573425,0.0,4.641778667436192e-15,-0.6646124720573425,-0.7471882700920105,0.0,0.9001798033714294,0.00010158349323319271,1.08219575881958,1.0]},{"name":"Body_1","rotation":[0.0,0.0,0.0,-1.0]},{"name":"12. Pin-1","children":[25],"matrix":[-0.5549513697624207,-0.5528796911239624,-0.6215730309486389,0.0,0.8318827748298645,-0.36882758140563967,-0.41465312242507937,0.0,4.829009371196125e-15,-0.7471882700920105,0.6646124720573425,0.0,0.8888307809829712,0.0000478693145851139,1.0821354389190674,1.0]},{"name":"Body_1","children":[26],"rotation":[0.0,0.0,0.0,-1.0]},{"name":"3DGeom-11","mesh":9,"rotation":[0.0,0.0,0.0,-1.0]},{"name":"4. Crank Wheel-1","children":[28],"matrix":[-0.9719017744064331,0.23185117542743684,0.040644556283950809,0.0,0.23107056319713593,0.9726646542549133,-0.0230180025100708,0.0,-0.044870272278785709,-0.0129794767126441,-0.998908519744873,0.0,0.9642178416252136,-0.0835079550743103,1.0675387382507325,1.0]},{"name":"Body_1","rotation":[0.0,0.0,0.0,-1.0]},{"name":"11. Tailstock Ram-1","children":[30],"matrix":[1.0,6.982962487054028e-15,1.1439467155535632e-30,0.0,2.4828329011591559e-17,-0.0035555579233914615,0.9999936819076538,0.0,6.982918441340771e-15,-0.9999936819076538,-0.0035555579233914615,0.0,0.542391836643219,-0.00010228050086880103,1.0830073356628419,1.0]},{"name":"Body_1","rotation":[0.0,0.0,0.0,-1.0]},{"name":"7. Handle-1","children":[32],"matrix":[1.263740731823404e-17,-0.0035555579233914615,0.9999936819076538,0.0,-0.5694975852966309,0.8219878077507019,0.002922643907368183,0.0,-0.8219930529594421,-0.5694939494132996,-0.0020248815417289736,0.0,0.5768308043479919,-0.00030044507002457976,1.1666775941848755,1.0]},{"name":"Body_1","rotation":[0.0,0.0,0.0,-1.0]},{"name":"6. Knob-1","children":[34],"matrix":[0.7324327230453491,-0.5429867506027222,0.41074037551879885,0.0,-0.4043200612068176,-0.8322772979736328,-0.37926214933395388,0.0,0.5477842092514038,0.11171344667673111,-0.8291276097297669,0.0,0.5768308043479919,-0.0007660769042558968,1.2976341247558594,1.0]},{"name":"Body_1","children":[35],"rotation":[0.0,0.0,0.0,-1.0]},{"name":"3DGeom-669","mesh":10,"rotation":[0.0,0.0,0.0,-1.0]},{"name":"8. Tailstock Center-1","rotation":[0.0,0.0,0.0,-1.0],"translation":[0.45683881640434267,1.208442847606397e-14,1.082177996635437]},{"name":"3DGeom-4","mesh":11,"rotation":[0.0,0.0,0.0,-1.0]},{"name":"3DGeom-8","mesh":12,"rotation":[0.0,0.0,0.0,-1.0]},{"name":"Coolant Tray-1","children":[40],"rotation":[-0.7071067690849304,0.0,0.0,-0.7071067690849304],"translation":[0.07500000298023224,-0.007000000216066837,0.5212141275405884]},{"name":"Body_1","rotation":[0.0,0.0,0.0,-1.0]},{"name":"Cutter Holder Bottom-1","children":[42],"rotation":[-0.7071067690849304,0.0,0.0,-0.7071067690849304],"translation":[-0.11346275359392166,-0.10499999672174454,0.8862141370773315]},{"name":"Body_1","rotation":[0.0,0.0,0.0,-1.0]},{"name":"Cutter Holder Bottom-2","children":[44],"rotation":[-0.7071067690849304,0.0,0.0,-0.7071067690849304],"translation":[0.33653724193573,-0.10499999672174454,0.8862141370773315]},{"name":"Body_1","rotation":[0.0,0.0,0.0,-1.0]},{"name":"Cutter Support Holder-1","children":[46],"rotation":[-0.7071067690849304,0.0,0.0,-0.7071067690849304],"translation":[0.33653724193573,-0.2750000059604645,1.0812140703201295]},{"name":"Body_1","rotation":[0.0,0.0,0.0,-1.0]},{"name":"Cutter Support Holder-2","children":[48],"rotation":[-0.7071067690849304,0.0,0.0,-0.7071067690849304],"translation":[-0.11346275359392166,-0.2750000059604645,1.0812140703201295]},{"name":"Body_1","rotation":[0.0,0.0,0.0,-1.0]},{"name":"Cutter Support-1","children":[50],"rotation":[-0.7071067690849304,0.0,0.0,-0.7071067690849304],"translation":[0.11153724044561386,-0.2750000059604645,1.0812140703201295]},{"name":"Body_1","mesh":13,"rotation":[0.0,0.0,0.0,-1.0]},{"name":"Face Plate-1","matrix":[1.3877787807814458e-17,0.9516206383705139,-0.30727532505989077,0.0,1.0061396160665481e-16,0.30727532505989077,0.9516206383705139,0.0,1.0,-4.4122574879742048e-17,-9.14820199929674e-17,0.0,-0.7099999785423279,1.4176965774015307e-14,1.082177996635437,1.0]},{"name":"Shaft-1","rotation":[-0.7071067690849304,0.0,0.0,-0.7071067690849304],"translation":[-0.8899999856948853,1.4177406231147879e-14,1.082177996635437]},{"name":"socket head shoulder screw2_iso-4","rotation":[-0.5,-0.5,0.5,-0.5],"translation":[0.33653724193573,-0.2750000059604645,1.1282141208648682]},{"name":"socket head shoulder screw2_iso-5","rotation":[-0.5,-0.5,0.5,-0.5],"translation":[-0.11346275359392166,-0.2750000059604645,1.1282141208648682]},{"name":"Small door-1","children":[56],"rotation":[-0.7071067690849304,0.0,0.0,-0.7071067690849304],"translation":[-0.8389999866485596,-0.2029999941587448,0.23121412098407746]},{"name":"Body_1","rotation":[0.0,0.0,0.0,-1.0]},{"name":"Door Knob-1","children":[58],"matrix":[-0.9904341101646423,-6.0964459459964159e-15,-0.13798634707927705,0.0,6.433793757899386e-15,-1.0,-1.9987707506902848e-15,0.0,-0.13798634707927705,-2.867426543263856e-15,0.9904341101646423,0.0,-0.7289999723434448,-0.26488298177719118,0.23121412098407746,1.0]},{"name":"Body_1","mesh":14,"rotation":[0.0,0.0,0.0,-1.0]}],"scene":0,"scenes":[{"nodes":[0]}]}